NODETEXT0001
position: [-0.0286217,-0.164038,0]
rotation: [-0.655115,0.266129,0.266129,0.655115]
