NODETEXT0001
position: [0.149955,0.0176,0]
rotation: [-0.655115,0.266129,0.266129,0.655115]
