NODETEXT0001
position: [-0.329164,0.124567,0]
rotation: [-0.707107,0.0,0.0,0.707107]
