NODETEXT0001
position: [-0.152036,0.321338,0]
rotation: [-0.707107,0.0,0.0,0.707107]
