NODETEXT0001
position: [-0.144928,-0.0803311,0]
rotation: [-0.707107,0.0,0.0,0.707107]
