NODETEXT0001
position: [0.0533756,0.0759485,0]
rotation: [-0.707107,0.0,0.0,0.707107]
