NODETEXT0001
position: [-0.0415431,-0.0417506,0]
rotation: [-0.707107,0.0,0.0,0.707107]
