NODETEXT0001
position: [0,0,0]
rotation: [-0.707107,0.0,0.0,0.707107]
