NODETEXT0001
position: [-0.0260794,-0.00857416,0]
rotation: [-0.707107,0.0,0.0,0.707107]
