MATERIALTEXT
diffuse: [1.0,0.0509804,0.0509804]
ambient: [1.0,0.0509804,0.0509804]
specular: [1.0,0.0509804,0.0509804]
glossiness: 0.0
