MATERIALTEXT
diffuse: [0.101961,0.101961,0.101961]
ambient: [0.101961,0.101961,0.101961]
specular: [0.101961,0.101961,0.101961]
glossiness: 0.0
