NODETEXT0001
position: [0.0540571,0.0350268,0]
rotation: [-0.707107,0.0,0.0,0.707107]
